           Ql=100         Ql=10           Ql=7    
 Qt      h    alpha     h    alpha     h    alpha 
-----  -------------  -------------  -------------
0.310  1.0989 3.3233  1.1051 3.2762  1.1073 3.2500
0.320  1.0953 3.0275  1.1048 3.0011  1.1086 2.9850
0.330  1.0882 2.7388  1.1012 2.7310  1.1065 2.7240
0.340  1.0778 2.4595  1.0942 2.4677  1.1012 2.4688
0.350  1.0642 2.1917  1.0840 2.2130  1.0926 2.2209
0.360  1.0480 1.9372  1.0708 1.9687  1.0810 1.9821
0.370  1.0293 1.6980  1.0550 1.7363  1.0667 1.7539
0.380  1.0089 1.4755  1.0368 1.5175  1.0498 1.5378
0.390  0.9872 1.2706  1.0168 1.3134  1.0309 1.3351
0.400  0.9648 1.0838  0.9955 1.1248  1.0103 1.1467
