            QBL4           QLR4           QB4
 Qt      h    alpha     h    alpha     h    alpha 
-----  -------------  -------------  -------------
0.310  1.0341 2.3819  1.1887 2.7969  1.2505 2.6469  
0.320  0.9972 2.1634  1.1505 2.5657  1.2146 2.4150  
0.330  0.9626 1.9648  1.1146 2.3551  1.1809 2.2038  
0.340  0.9300 1.7838  1.0808 2.1629  1.1493 2.0109  
0.350  0.8994 1.6185  1.0489 1.9869  1.1197 1.8342  
0.360  0.8704 1.4670  1.0188 1.8253  1.0918 1.6719  
0.370  0.8431 1.3279  0.9902 1.6767  1.0656 1.5225  
0.380  0.8172 1.1999  0.9631 1.5396  1.0409 1.3846  
0.390  0.7927 1.0819  0.9374 1.4130  1.0175 1.2571  
0.400  0.7694 0.9727  0.9130 1.2957  0.9955 1.1389  
