           Ql=100         Ql=10           Ql=7    
 Qt      h    alpha     h    alpha     h    alpha 
-----  -------------  -------------  -------------
0.320  1.0953 2.5363  1.1048 2.4419  1.1086 2.3952
0.340  1.0778 2.1196  1.0942 2.0479  1.1012 2.0126
0.360  1.0480 1.7533  1.0708 1.6951  1.0810 1.6672
0.380  1.0089 1.4448  1.0368 1.3909  1.0498 1.3665
0.400  0.9648 1.1956  0.9955 1.1390  1.0103 1.1146
0.420  0.9199 1.0016  0.9507 0.9381  0.9662 0.9113
0.440  0.8777 0.8539  0.9062 0.7822  0.9212 0.7521
0.460  0.8397 0.7423  0.8644 0.6632  0.8780 0.6297
0.480  0.8067 0.6577  0.8269 0.5725  0.8385 0.5361
0.500  0.7783 0.5928  0.7937 0.5029  0.8031 0.4642
